 0.44364114E+04  0.11498255E+06  0.10001000E+03  0.00000000E+00 
 0.44482245E+04  0.11491788E+06  0.22053444E+02  0.41742234E+05 
 0.44505162E+04  0.11481688E+06 -0.28993346E+01  0.12692743E+06 
 0.44525266E+04  0.11471688E+06 -0.28593950E+01  0.20703319E+06 
 0.44543190E+04  0.11461688E+06 -0.28256682E+01  0.28331877E+06 
 0.44559289E+04  0.11451667E+06  0.22630078E+01  0.35627839E+06 
 0.44573821E+04  0.11441624E+06  0.23458534E+01  0.42620849E+06 
 0.44586969E+04  0.11431578E+06  0.24235475E+01  0.49322213E+06 
 0.44598915E+04  0.11421531E+06  0.24966644E+01  0.55755335E+06 
 0.44609811E+04  0.11411482E+06  0.25656940E+01  0.61940911E+06 
 0.44619783E+04  0.11401431E+06  0.26310562E+01  0.67897330E+06 
 0.44417659E+04  0.11391177E+06  0.40944522E+01  0.75773520E+06 
 0.44029778E+04  0.11380711E+06  0.41012765E+01  0.85688874E+06 
 0.43674065E+04  0.11370242E+06  0.41080452E+01  0.95537738E+06 
 0.43347662E+04  0.11359770E+06  0.41147592E+01  0.10532102E+07 
 0.43047976E+04  0.11349295E+06  0.41214194E+01  0.11503960E+07 
 0.42772663E+04  0.11338816E+06  0.41280268E+01  0.12469436E+07 
 0.42519597E+04  0.11328334E+06  0.41345821E+01  0.13428615E+07 
 0.42286850E+04  0.11317848E+06  0.41410863E+01  0.14381580E+07 
 0.42072672E+04  0.11307360E+06  0.41475403E+01  0.15328413E+07 
 0.41875473E+04  0.11296867E+06  0.41539447E+01  0.16269195E+07 
 0.41875432E+04  0.11296853E+06  0.10415395E+03  0.16271595E+07 
 0.40907329E+04  0.11550452E+06  0.10001000E+03  0.00000000E+00 
