#  X  Y  Z  time  pathlength  particle_steps
  7.0229795e+03    9.7684461e+03    7.0217941e+01    1.5710717e+07    2.8479204e+03     29
  7.0393702e+03    9.8656593e+03    9.5218115e+01    1.2507001e+07    2.4261368e+03     25
  5.0304365e+03    2.6404432e+04    1.0154986e+02    1.2801837e+05    1.0217845e+02      2
  4.7539190e+03    2.6091076e+04    1.0119970e+02    9.7742900e+04    1.0290142e+02      2
  4.7813062e+03    2.8048464e+04    1.0027162e+02    8.8933907e+05    5.1439688e+02      6
  4.5108855e+03    2.8008269e+04    1.0025822e+02    8.7378869e+05    5.2920188e+02      6
  5.6181204e+03    3.6992590e+04    8.6731647e+01    2.1443972e+06    1.9653858e+03     19
  5.1887390e+03    3.6971636e+04    8.6310357e+01    1.9256239e+06    1.6690436e+03     17
  4.5090641e+03    6.4955126e+04    9.5010000e+01    1.2763432e+08    4.0093219e+02      5
  4.5747428e+03    6.4997150e+04    9.5010000e+01    1.5864371e+07    2.0197108e+02      3
  4.8005950e+03    1.0362738e+05    9.6015828e+01    3.0775846e+06    1.2047216e+03     11
  4.2716457e+03    1.0368338e+05    9.5976131e+01    3.3404805e+06    1.3346714e+03     12
  4.3887065e+03    1.0495689e+05    7.8543384e+01    3.0042631e+06    2.8048042e+03     28
  4.2989673e+03    1.0497782e+05    7.8439374e+01    2.7403950e+06    2.4939166e+03     25
  3.9553871e+03    1.0867843e+05    9.7764306e+01    2.3757415e+05    5.7532816e+02      6
  3.9945289e+03    1.0845101e+05    1.0035802e+02    2.1309770e+05    4.5896492e+02      5
  4.1027552e+03    1.1297057e+05    9.1550307e+01    1.4206159e+06    1.8789181e+03     19
  4.1875432e+03    1.1296853e+05    1.0415395e+02    1.6271595e+06    2.1915739e+03     22
  4.1816903e+03    1.1297310e+05    1.0270449e+02    1.8161554e+06    2.5551125e+03     25
  3.9736016e+03    1.1529154e+05    8.0130465e+01    1.3476607e+05    3.2958998e+02      4
  3.9918364e+03    1.1579659e+05    1.0222874e+02    3.7705486e+05    7.5265801e+02      8
  3.9861242e+03    1.1629568e+05    1.0234348e+02    3.5411025e+05    6.6382277e+02      7
  4.8103208e+03    1.4676923e+05    1.0210660e+02    3.0562031e+04    1.0002668e+02      2
  4.5023055e+03    1.4863730e+05    1.0096656e+02    9.8456926e+04    1.0370136e+02      2
  4.5561088e+03    1.4878677e+05    1.0105547e+02    1.0622053e+05    1.0526816e+02      2
  4.7636081e+03    1.6396216e+05    1.0037424e+02    7.6316211e+05    1.3558477e+03     14
  4.5241837e+03    1.6396195e+05    8.5477688e+01    1.0618901e+06    1.9953227e+03     20
  3.9975539e+03    1.6738092e+05    9.5010000e+01    1.7119442e+06    5.4070655e+02      6
  3.2596420e+03    1.8604598e+05    6.8626144e+01    1.4118085e+07    5.3223973e+03     52
  3.5397232e+03    1.8607534e+05    9.6336555e+01    8.1463276e+06    5.0272954e+03     47
  3.4436141e+03    1.8606132e+05    9.7958374e+01    3.5145267e+06    4.2688053e+03     40
  4.2466974e+03    1.8599538e+05    9.9834527e+01    2.9336127e+06    3.6331864e+03     36
  4.2866445e+03    1.8598023e+05    9.9833091e+01    2.0501220e+06    3.1034748e+03     31
  3.9281037e+03    1.8410278e+05    1.0283776e+02    1.8570786e+05    4.3657769e+02      5
  3.9704821e+03    2.0071895e+05    8.5931651e+01    3.8087016e+05    7.1340879e+02      8
  4.2374693e+03    2.0200895e+05    9.6918853e+01    5.4454869e+05    6.8534862e+02      7
  4.2715359e+03    2.0202373e+05    5.2568807e+01    3.8797805e+05    4.2644929e+02      5
  3.9839081e+03    2.4450793e+05    9.0468415e+01    2.1130832e+06    8.4200800e+02      9
  3.9815570e+03    2.4441482e+05    6.4486309e+01    1.2341949e+06    5.2277580e+02      6
  4.0282342e+03    2.5189866e+05    1.0018283e+02    8.3702491e+03    3.0467297e+02      4
  3.9737491e+03    2.5186600e+05    1.0007870e+02    2.8964249e+03    1.0198434e+02      2
  4.4958692e+03    2.7346068e+05    1.0004319e+02    6.5828780e+05    1.3827257e+03     14
  4.5548236e+03    2.7345313e+05    1.0004386e+02    4.2904057e+05    8.8661872e+02      9
  4.9995927e+03    3.1695102e+05    1.0043350e+02    1.4776256e+04    4.0000028e+02      5
  4.9360402e+03    3.1698331e+05    1.0056702e+02    3.7234799e+04    1.0023998e+03     11
  5.0441229e+03    3.1824580e+05    1.0055031e+02    4.1489567e+04    8.3788563e+02      8
  5.0007550e+03    3.1807633e+05    1.0056495e+02    4.7604891e+04    6.8257039e+02      7
  4.7409800e+03    3.4775529e+05    1.0101012e+02    7.1081863e+04    2.0011515e+02      3
  3.0259183e+03    3.4606149e+05    1.0017293e+02    2.9691966e+06    1.7126471e+03     17
  3.0085698e+03    3.4830669e+05    9.5010000e+01    6.0860496e+06    1.8460190e+03     18
  3.0137959e+03    3.4845574e+05    1.0001000e+02    4.3288103e+06    1.2755933e+03     13
  4.2088338e+03    3.6300337e+05    9.5010000e+01    4.9426764e+06    5.1229133e+02      6
  3.8745303e+03    3.6199696e+05    5.5254515e+01    2.1807247e+06    1.3702121e+03     14
  4.9745882e+03    3.6753609e+05    1.0031590e+02    1.6214274e+04    7.0857006e+02      8
  5.0292692e+03    3.6790571e+05    1.0022879e+02    1.0675533e+04    4.0002051e+02      5
  4.8016511e+03    3.6899148e+05    1.0056860e+02    7.8510748e+04    1.0470143e+03     10
  5.2481516e+03    4.4511303e+05    1.0101693e+02    9.5019047e+04    1.1014894e+03     12
  5.2420210e+03    4.4510460e+05    1.0101505e+02    9.4848600e+04    1.1010201e+03     12
  7.0283752e+03    5.2458695e+05    7.3812976e+01    8.1629501e+05    3.0023821e+03     31
  6.9648987e+03    5.2451420e+05    7.3521049e+01    7.3904567e+05    2.4021745e+03     25
  5.0022603e+03    5.2601477e+05    8.1304035e+01    1.2045650e+07    1.1560805e+03     12
  4.9999022e+03    5.2576953e+05    8.8794381e+01    7.2438886e+06    6.0455086e+02      7
  3.9804743e+03    5.4372210e+05    1.0169832e+02    1.7013574e+05    4.2933531e+02      5
  3.9824501e+03    5.4320742e+05    1.0041117e+02    4.7134884e+05    1.0138274e+03     10
  3.9721469e+03    6.1060948e+05    1.0011124e+02    7.2559358e+05    1.1716500e+03     12
  3.9994130e+03    6.1037533e+05    8.4489577e+01    3.6500447e+05    5.5826622e+02      6
  4.2589599e+03    6.1303185e+05    1.0040606e+02    5.4173037e+05    1.3739481e+03     14
  3.0000521e+03    6.1265939e+05    9.4047541e+00    1.2640089e+07    2.6029231e+03     26
  4.1248196e+03    6.1303822e+05    8.7513633e+01    2.8975419e+05    8.4205671e+02      9
  4.4343916e+03    6.8172792e+05    1.0194034e+02    6.6868628e+06    2.0037285e+03     19
  4.4729532e+03    6.8173076e+05    1.0192728e+02    7.1367891e+06    2.1336037e+03     19
  4.7252535e+03    6.8003966e+05    9.9861692e+01    1.5683589e+07    4.8218266e+03     46
  4.0559096e+03    6.8172885e+05    1.0193086e+02    1.0213089e+07    2.6565131e+03     24
  7.9378710e+03    6.8393591e+05    8.8184442e+01    1.8779792e+06    4.3114793e+03     43
  7.9439941e+03    6.8393272e+05    8.0990734e+01    2.3361389e+06    4.8443271e+03     48
  8.9658827e+03    7.1989902e+05    6.3950556e+01    3.1355033e+06    4.1175215e+03     42
  9.0417160e+03    7.1979661e+05    6.4084891e+01    2.9271761e+06    4.3388790e+03     44
  4.9163781e+03    7.2094141e+05    9.5010000e+01    4.2947843e+06    5.0245282e+02      6
  4.2153592e+03    7.2102589e+05    1.0501000e+02    2.0732198e+06    2.0891909e+02      3
  4.0345277e+03    7.6183699e+05    1.0001000e+02    1.7416328e+06    3.0937995e+02      4
  3.9976574e+03    7.6152811e+05    9.5010000e+01    1.6987256e+06    2.0248097e+02      3
  4.9664198e+03    8.0003245e+05    1.0001000e+02    5.1978348e+05    5.1073745e+02      5
  4.6368365e+03    7.9999869e+05    1.0001000e+02    9.0962109e+05    9.0718481e+02      8
  4.9971148e+03    8.0124927e+05    9.8598047e+01    5.9803172e+05    9.6560843e+02      9
  4.9860311e+03    8.0156595e+05    9.8488730e+01    1.0597518e+05    1.1902826e+02      2
  7.9927980e+03    8.1901007e+05    3.7400424e+01    3.4659535e+07    5.6222200e+03     54
  7.9875901e+03    8.1896406e+05    4.0710846e+01    3.2254493e+07    5.0595909e+03     48
  6.1434118e+03    8.2307331e+05    9.4356221e+01    8.5097402e+08    6.0365285e+03     60
  6.1372732e+03    8.2304850e+05    6.9397179e+01    8.6014517e+08    5.8651403e+03     58
  6.0679360e+03    8.2306649e+05    7.0673179e+01    1.8222598e+07    4.7925898e+03     48
  6.0643348e+03    8.2307189e+05    7.0569148e+01    1.8179842e+07    5.2174019e+03     52
  4.1130138e+03    8.2300839e+05    1.0542696e+02    1.3242194e+07    2.4543385e+03     25
  4.0946590e+03    8.7007926e+05    9.9096895e+01    8.7569154e+04    1.4692564e+02      2
  4.7149012e+03    8.6996287e+05    9.0130606e+01    5.0204581e+05    8.2396220e+02      9
  4.5297432e+03    8.7189912e+05    1.0089009e+02    9.1106108e+04    1.0100772e+02      2
  4.1890618e+03    8.7185216e+05    1.0089008e+02    9.1105283e+04    1.0295771e+02      2
  4.5127252e+03    8.7145542e+05    1.0073172e+02    8.3690291e+05    1.3681214e+03     14
  4.3770049e+03    8.7145108e+05    1.0073352e+02    4.6370361e+05    7.6070020e+02      8
  4.6748400e+03    8.7140386e+05    1.0122327e+02    1.2695609e+06    2.0352344e+03     20
  4.7290012e+03    8.7138508e+05    1.0089248e+02    1.5568410e+06    2.5054578e+03     25
  4.5283454e+03    8.7134618e+05    1.0151090e+02    2.2033656e+06    3.5383032e+03     35
  4.3569137e+03    8.7133645e+05    1.0128429e+02    1.7144178e+06    2.8024130e+03     28
  4.3345879e+03    8.7146294e+05    1.0074652e+02    2.5534702e+06    4.3255884e+03     41
  4.6633956e+03    8.7144319e+05    1.0074116e+02    2.6776866e+06    4.4244986e+03     43
  4.5200383e+03    8.7145405e+05    1.0092919e+02    2.9878574e+06    4.9933879e+03     48
  4.5518396e+03    8.7139464e+05    1.0089380e+02    3.1628001e+06    5.2590598e+03     51
  4.5578780e+03    8.7141517e+05    1.0143690e+02    3.9806258e+06    6.2384488e+03     60
  4.5251490e+03    8.7140254e+05    1.0096361e+02    3.8815861e+06    6.1558697e+03     59
  6.0102874e+03    8.7847226e+05    8.5288944e+01    1.3887004e+06    1.9291683e+03     19
  6.0125754e+03    8.7860654e+05    8.5124989e+01    1.3587094e+06    1.8915505e+03     19
  4.2056597e+03    8.8101132e+05    1.0223384e+02    6.2658593e+05    1.7630606e+03     18
  4.7236729e+03    8.8100532e+05    9.5166665e+01    7.6508781e+05    2.1283389e+03     22
  4.6053340e+03    8.8092835e+05    9.9594057e+01    2.4649745e+04    1.0025383e+02      2
  4.2831057e+03    8.8102244e+05    1.0347294e+02    1.9665801e+05    9.7709053e+02     10
